"","ID","Observation","card","carp","walk","bike","ptcar","ptwalk","chosen"
"1","Y16H2090106P01T01",1,0.997926175601585,0.00207376778844399,1.05669029378016e-45,5.66099715807517e-08,0,0,0.997926175601585
"2","Y16H2090124P02T01",1,0.760252587113029,0.0276606431455335,8.69801096138389e-10,0.00589182669631142,0.188037152673045,0.0181577895022801,0.760252587113029
"3","Y16H2090301P02T01",1,0.68245141589788,0.0184693238621836,5.40938003155676e-11,0.000715922604528144,0.0874641702547638,0.21089916732655,0.0874641702547638
"4","Y16H2090303P01T01",1,0.785801313683097,0.040033203580284,2.37834207025246e-06,0.00207180813012657,0.0937983935510317,0.0782929027133899,0.785801313683097
"5","Y16H2090305P01T01",1,0.507144565780432,0.0383806888134104,0.000328459632763135,0.144967378676416,0.0506446026336095,0.258534304463369,0.507144565780432
"6","Y16H2090305P02T01",1,0.755393036411537,0.00824417115912567,7.6187743647591e-22,0.00158309801188303,0.182777960377371,0.0520017340400832,0.755393036411537
"7","Y16H2090317P02T01",1,0.748801627120629,0.039059454894977,5.21245114264979e-08,0.00205032798509496,0.0679763085585067,0.142112229316281,0.039059454894977
"8","Y16H2090319P01T01",1,0.765095665144017,0.0468574881631592,0.000478366572153769,0.00394513425132933,0.0405387776654264,0.143084568203914,0.765095665144017
"9","Y16H2090319P02T01",1,0.357885244980378,0.167651755508492,0.102685321349825,0.0154057060050112,0.0177344474784911,0.338637524677803,0.0154057060050112
"10","Y16H2090323P01T01",1,0.746261136337428,0.0428996594574034,0.0193810510278894,0.00989139827395789,0.019735456909284,0.161831297994037,0.746261136337428
"11","Y16H2090327P02T01",1,0.165177260976922,0.0248297900950021,0.690801258612887,0.00771502357682693,0.00593701388379944,0.105539652854563,0.690801258612887
"12","Y16H2090503P01T01",1,0.71901177061486,0.0227705088075457,6.61745934095677e-22,8.16825764077087e-06,0.139388380071487,0.118821172248467,0.71901177061486
"13","Y16H2090522P03T01",1,0.000570476015844479,0.764079761341177,0.142714002599308,0.00513541005566097,0.00619237435292441,0.0813079756350851,0.764079761341177
"14","Y16H2090522P04T01",1,0.000570476015844479,0.764079761341177,0.142714002599308,0.00513541005566097,0.00619237435292441,0.0813079756350851,0.764079761341177
"15","Y16H2090522P05T01",1,0.000699788205163612,0.738640300222869,0.143739865844238,0.015180426854251,0.00496903071263301,0.0967705881608447,0.738640300222869
"16","Y16H2090523P01T01",1,0.886160280948769,0.0186075762753335,1.12122936962816e-23,8.0573775241997e-06,0.0823497561783751,0.0128743292199983,0.886160280948769
"17","Y16H2090529P01T01",1,0.883295696638182,0.00899971634762255,1.70837990822828e-32,1.10785177400532e-06,0.0897027396663692,0.0180007394960525,0.883295696638182
"18","Y16H2100102P03T01",1,0.2508409380713,0.140738015671834,2.87817497759714e-22,6.32540063941425e-05,0.498955853546148,0.109401938704324,0.109401938704324
"19","Y16H2100102P04T01",1,0.00266032795983303,0.374293314769625,3.31857865679089e-22,0.000240090784814436,0.552175525751511,0.0706307407342167,0.0706307407342167
"20","Y16H2100115P01T01",1,0.789836728776792,0.0409844500044974,3.79144528131854e-06,0.00316096588514282,0.0824669004974355,0.0835471633908512,0.789836728776792
"21","Y16H2100115P03T01",1,0.00118383467806694,0.858837328208104,8.477901319729e-06,0.0144578075918079,0.0365077580655181,0.0890047935551834,0.858837328208104
"22","Y16H2100129P01T01",1,0.823111190384092,0.0118523828112365,2.35158423062583e-18,8.31780367341827e-05,0.131934567731328,0.0330186810366097,0.823111190384092
"23","Y16H2100129P03T01",1,0.54338604977852,0.170433250004724,7.77741890538104e-12,0.000134286490935957,0.245813673713458,0.0402327400045848,0.54338604977852
"24","Y16H2100203P01T01",1,0.695025560236778,0.0347333748271632,0.00427692186923642,0.119683677566119,0.0261699891586862,0.120110476342018,0.695025560236778
"25","Y16H2100203P02T01",1,0.794477065813209,0.0497550139246933,4.80661105427017e-05,0.0310945341510782,0.0209549488414098,0.103670371159067,0.103670371159067
"26","Y16H2100203P03T01",1,0.74568329074299,0.0270370756937663,2.22600251608191e-05,0.0776837569114178,0.0376833433044788,0.111890273322187,0.111890273322187
"27","Y16H2100205P01T01",1,0.689760370153335,0.0322786254513492,2.93284539591392e-06,0.0860840306629495,0.047973159071679,0.143900881815291,0.689760370153335
"28","Y16H2100205P03T01",1,0.000245112749965138,0.4063369737779,0.513548861384775,0.0374176913664329,0.00224218737604842,0.0402091733448787,0.4063369737779
"29","Y16H2100205P04T01",1,0.000280872449165784,0.366939661071896,0.483189742834431,0.103326360453657,0.00167633023117024,0.0445870329596804,0.366939661071896
"30","Y16H2100211P02T01",1,0.36768881941001,0.135425091946538,9.63409795115177e-05,0.00817689665613766,0.0814566855560098,0.407156165451793,0.407156165451793
"31","Y16H2100215P03T01",1,0.84561018318409,0.0228957855435938,4.08870345875007e-06,0.00431854572179287,0.0635921590249894,0.0635792378220754,0.84561018318409
"32","Y16H2100220P01T01",1,0.885125303849585,0.0340866177239664,6.06183882488011e-06,0.0051559021105802,0.0453690353960876,0.0302570790809562,0.0340866177239664
"33","Y16H2100223P01T01",1,0.861210020288217,0.0344147628409184,2.3933006939455e-06,0.00384325642548678,0.0491398627198811,0.0513897044248028,0.861210020288217
"34","Y16H2100223P02T01",1,0.848356387150735,0.035557557226389,8.3530848346082e-07,0.00129330943939735,0.0771864946450421,0.0376054162299531,0.848356387150735
"35","Y16H2100223P03T01",1,0.549737430883486,0.221321745345798,2.18152321949825e-06,0.00194833306335173,0.102175831399806,0.124814477784339,0.221321745345798
"36","Y16H2100231P01T01",1,0.930702878299142,0.0309343764730813,1.32383493238245e-06,0.00243955446834857,0.0170240982863295,0.0188977686381664,0.0309343764730813
"37","Y16H2100231P02T01",1,0.869152215074317,0.0214641167040441,2.87959641887058e-06,0.00886071743197346,0.0714166357786727,0.0291034354145741,0.869152215074317
"38","Y16H2100232P01T01",1,0.895571724321414,0.039554527792371,0.00124459442916327,0.00116838785744768,0.0122034042099935,0.0502573613896101,0.895571724321414
"39","Y16H2100236P03T01",1,0.000554423072683877,0.840866204584577,0.0225495797223203,0.0430739350282736,0.0091603044092401,0.0837955531829053,0.840866204584577
"40","Y16H2100236P04T01",1,0.000554423072683877,0.840866204584577,0.0225495797223203,0.0430739350282736,0.0091603044092401,0.0837955531829053,0.840866204584577
"41","Y16H2100239P04T01",1,0.000819869370463553,0.89206710872122,0.0137797937315552,0.0145907660096994,0.0166392802300579,0.0621031819370041,0.89206710872122
"42","Y16H2100304P02T01",1,0.844190507997688,0.0188012796783952,8.48429954070466e-12,0.00195219979927862,0.0807855583713151,0.0542704541448391,0.0807855583713151
"43","Y16H2100304P04T01",1,0.0750813606730288,0.308357466248891,0.39822184885103,0.0151050287463195,0.0144518928430264,0.188782402637704,0.308357466248891
"44","Y16H2100308P01T01",1,0.851189346723366,0.0369631032345752,8.8384703818293e-05,0.00168120378473755,0.0631887805288791,0.0468891810246235,0.851189346723366
"45","Y16H2100308P02T01",1,0.899835403439905,0.0324505314237822,2.89849213887331e-06,0.000846337098986143,0.0481253256505706,0.0187395038946176,0.899835403439905
"46","Y16H2100310P02T01",1,0.725582185319775,0.0489490950318854,0.0192097813324472,0.00987108868707877,0.056125027644635,0.140262821984179,0.725582185319775
"47","Y16H2100311P03T01",1,0.000402131249158367,0.756203259066069,0.168584162440688,0.0109520274043095,0.00699106729636589,0.0568673525434088,0.756203259066069
"48","Y16H2100311P04T01",1,0.000405696411682199,0.785380216524125,0.143346369103258,0.00925556915499123,0.00693981450628761,0.0546723342996562,0.785380216524125
"49","Y16H2100312P01T01",1,0.858190792161565,0.042161834461489,5.19847851427763e-12,8.38975450019625e-05,0.0416942680914482,0.0578692077352974,0.0416942680914482
"50","Y16H2100315P01T01",1,0.729129949225125,0.0461909616284575,0.109947877888347,0.00478452957937356,0.0277529403995486,0.0821937412791491,0.729129949225125
"51","Y16H2100315P02T01",1,0.90276807829421,0.0191981588463088,3.66157336664917e-12,0.00014828242794664,0.057708227340775,0.0201772530870976,0.90276807829421
"52","Y16H2100322P01T01",1,0.801053212731548,0.0346049573657998,4.03836069157706e-06,0.00249518029973494,0.0879974660563449,0.0738451451858806,0.801053212731548
"53","Y16H2100327P01T01",1,0.736247005685136,0.0445303703468884,0.0925130302507523,0.00493858516671105,0.0172850722749945,0.104485936275518,0.0925130302507523
"54","Y16H2100327P02T01",1,0.823863130013437,0.0425360738423378,0.000964580053747822,0.00096834375661405,0.0487136903716552,0.0829541819622084,0.823863130013437
"55","Y16H2100327P03T01",1,0.824499514687189,0.0212477994649439,2.73162220262111e-08,0.000508659675618008,0.100897528437679,0.0528464704183479,0.824499514687189
"56","Y16H2100327P04T01",1,0.490785107379625,0.290819033112291,0.0015945987680397,0.000860799437896207,0.0416077304955754,0.174332730806573,0.290819033112291
"57","Y16H2100330P01T01",1,0.871258495766109,0.00534309555966518,1.48875278383562e-19,0.000341522830266139,0.108901955999474,0.0141549298444853,0.871258495766109
"58","Y16H2100330P03T01",1,0.0504408768770528,0.202308375718448,0.630647788567512,0.000840744297576345,0.00553634609762664,0.110225868441784,0.630647788567512
"59","Y16H2100330P04T01",1,0.000375023763284436,0.317709783525467,0.639907238737782,0.00340225067052911,0.00157246911239542,0.0370332341905419,0.639907238737782
"60","Y16H2100332P03T01",1,0.826841626634233,0.0403047486633237,2.13960803736861e-06,0.00237301250020755,0.0422684617972255,0.0882100107969723,0.826841626634233
"61","Y16H2100333P02T01",1,0.790280296973945,0.0315196074870061,1.18989080178809e-06,0.00247882081998808,0.0848719507264743,0.090848134101785,0.790280296973945
"62","Y16H2100333P04T01",1,0.00123239239395633,0.873507478985856,0.00911014305210448,0.00395563980419735,0.0259025650955698,0.0862917806683161,0.873507478985856
"63","Y16H2100337P01T01",1,0.768631231358079,0.0512243588752878,0.00683280572008813,0.00288771584233458,0.0420654768801114,0.128358411324099,0.768631231358079
"64","Y16H2100339P01T01",1,0.430393859126948,0.0387150316136876,2.00843596768496e-07,0.0418384286904186,0.113958425543549,0.375094054181801,0.430393859126948
"65","Y16H2100339P02T01",1,0.591647015512538,0.0104518467586413,4.4419024413139e-28,2.20364223029584e-05,0.308425514213026,0.0894535870934915,0.591647015512538
"66","Y16H2110201P01T01",1,0.724240053168967,0.094471109182896,0.060798081102812,0.00055832662969957,0.0142057483900254,0.105726681525601,0.724240053168967
"67","Y16H2110204P01T01",1,0.368976793015725,0.0379811451583113,0.363600685768212,0.082620419929356,0.0059899938142507,0.140830962314145,0.368976793015725
"68","Y16H2110204P03T01",1,0.0817943017385768,0.371050262909489,0.00521567966663832,0.232905266554071,0.014449452716347,0.294585036414878,0.294585036414878
"69","Y16H2110204P04T01",1,0.000565147760438245,0.723072448684133,0.00819674965847198,0.155071051518813,0.011186954584763,0.10190764779338,0.10190764779338
"70","Y16H2110205P01T01",1,0.805584831974383,0.0224378657167248,9.18683468453051e-05,0.101870187395383,0.0324785424998271,0.0375367040668365,0.805584831974383
"71","Y16H2110209P01T01",1,0.767254877852714,0.024997763146849,2.43245685892654e-06,0.0250320662631082,0.0714633426535183,0.111249517626952,0.767254877852714
"72","Y16H2110209P02T01",1,0.452727026956951,0.200172902557053,2.17197914600838e-06,0.00669950144806533,0.0990078489270096,0.241390548131775,0.241390548131775
"73","Y16H2110210P02T01",1,0.10429839437183,0.413469431762736,0.0137479080528368,0.0746446290894652,0.0221586258081817,0.37168101091495,0.413469431762736
"74","Y16H2110210P03T01",1,0.000767246303224546,0.545180546167881,0.000261649085771403,0.345221956638445,0.0110388833551025,0.0975297184495754,0.0975297184495754
"75","Y16H2110212P01T01",1,0.562515587793179,0.0298189704912817,1.07915547511759e-05,0.195529782385093,0.0385149706545051,0.17360989712119,0.195529782385093
"76","Y16H2110212P03T01",1,0.000360444986899927,0.645506438856748,0.219281738318271,0.0345803898763729,0.0067351958686107,0.0935357920930969,0.645506438856748
"77","Y16H2110216P02T01",1,0.420011164488383,0.181850560389996,2.26036155632324e-05,0.00704106342772463,0.0599994111078478,0.331075196970485,0.331075196970485
"78","Y16H2110217P01T01",1,0.875843878544221,0.0142676666695414,8.6453734884888e-16,0.00810999088149685,0.0710206852205477,0.0307577786841923,0.875843878544221
"79","Y16H2110217P03T01",1,0.0566075016334844,0.223084501700616,0.399673693012169,0.0898350690950098,0.00524085675662884,0.225558377802092,0.399673693012169
"80","Y16H2110217P04T01",1,0.000490852827893552,0.621717552617743,0.221882857548027,0.0600028657660249,0.00494699421684922,0.0909588770234619,0.621717552617743
"81","Y16H2110217P05T01",1,0.000490852827893552,0.621717552617743,0.221882857548027,0.0600028657660249,0.00494699421684922,0.0909588770234619,0.621717552617743
"82","Y16H2110218P01T01",1,0.780442382391691,0.0190148801065785,2.05780930079913e-06,0.120061874049642,0.0207482252414593,0.0597305804013284,0.780442382391691
"83","Y16H2110218P03T01",1,0.637620836391456,0.130583853546244,7.744736102112e-07,0.0255684789047614,0.0575418138369725,0.148684242846957,0.130583853546244
"84","Y16H2110218P04T01",1,0.001142997290123,0.77242004230942,0.00576120644308591,0.10308547282323,0.0192936344506161,0.0982966466835246,0.77242004230942
"85","Y16H2110224P03T01",1,0.000516395938973997,0.752837114165486,0.00517918812480278,0.111172305988509,0.0130469493665516,0.117248046415676,0.117248046415676
"86","Y16H2110224P04T01",1,0.000345947517698249,0.523422963698355,0.230764886028138,0.156218958889185,0.00346393158543231,0.0857833122811921,0.523422963698355
"87","Y16H2110226P01T01",1,0.668305844458353,0.0366535967274868,3.72648747591614e-05,0.0348370923715452,0.0283642272091648,0.231801974358691,0.231801974358691
"88","Y16H2110229P01T01",1,0.539733369741267,0.02500920631535,1.59059697028957e-05,0.286112697631212,0.0285876286235679,0.120541191718901,0.120541191718901
"89","Y16H2110231P02T01",1,0.706672421347305,0.0440102880286403,1.87261330589675e-05,0.00749253458378053,0.0866375516383718,0.155168478268843,0.155168478268843
"90","Y16H2110239P02T01",1,0.55683030211873,0.040489830201087,0.12678326340806,0.0837246461702236,0.0208863755161916,0.171285582585708,0.55683030211873
"91","Y16H2110239P03T01",1,0.000521263193169743,0.524979853263361,0.328295766106693,0.0895166293690337,0.00448583257926866,0.0522006554884747,0.524979853263361
"92","Y16H2110240P01T01",1,0.530550929698822,0.0422292569174578,0.000426022927894597,0.08493091826289,0.0244092924634367,0.317453579729499,0.530550929698822
"93","Y16H2110303P01T01",1,0.690203290600512,0.0513936330226719,0.00155872082093388,0.00780207374679097,0.0430832527554746,0.205959029053617,0.690203290600512
"94","Y16H2110308P01T01",1,0.527795694188184,0.0298600086089604,0.357501197063685,0.00127459002240042,0.0175829704532583,0.0659855396635117,0.357501197063685
"95","Y16H2110308P02T01",1,0.745317755941145,0.0340819313015943,0.054816680520217,0.00329751827773741,0.0290974659766193,0.133388647982687,0.745317755941145
"96","Y16H2110308P03T01",1,0.631523743070448,0.0694046889632729,4.54847218334456e-09,0.000260638014238052,0.203328430026044,0.0954824953775252,0.631523743070448
"97","Y16H2110311P01T01",1,0.812268530943259,0.012184762619226,6.19149272490935e-18,0.00337676728593912,0.140955772533675,0.031214166617901,0.812268530943259
"98","Y16H2110314P03T01",1,0.0528648675681175,0.252595449577867,0.40011354367101,0.097265348776827,0.00551182172450455,0.191648968681674,0.40011354367101
"99","Y16H2110315P01T01",1,0.786487852130652,0.0171009808292098,1.55223540935225e-12,0.000337083998636431,0.111237844046815,0.0848362389931347,0.111237844046815
"100","Y16H2110315P03T01",1,0.313570537006603,0.356694613831975,0.017596658540548,0.001324802605061,0.0332994443806301,0.277513943635183,0.313570537006603
"101","Y16H2110316P03T01",1,0.858816013119448,0.0272649975117229,5.32985087766426e-06,0.00248750988103052,0.044854380638162,0.0665717689987595,0.858816013119448
"102","Y16H2110316P04T01",1,0.732608438320188,0.0936903756313675,1.01924657530606e-11,0.000281803094093248,0.0958104979696147,0.0776088849745444,0.0958104979696147
"103","Y16H2110323P01T01",1,0.651792618273333,0.0274090704521536,2.21487925082585e-07,0.0535397798075075,0.105466785358464,0.161791524620617,0.651792618273333
"104","Y16H2110323P02T01",1,0.667428273051591,0.0563268686373349,1.49088633762953e-07,0.0166287142771271,0.109860960209471,0.149755034735842,0.667428273051591
"105","Y16H2110330P01T01",1,0.892268431384153,0.0346949497643025,1.86973357458497e-06,0.000938905094244881,0.024570063636369,0.0475257803873555,0.892268431384153
"106","Y16H2110330P02T01",1,0.419263357896691,0.0284316931134599,0.469295615579921,0.00204724356286217,0.00970381765650607,0.0712582721905592,0.469295615579921
"107","Y16H2110333P01T01",1,0.739822376729736,0.0180969556385609,6.91593281220845e-11,0.00203909472130959,0.10563883253411,0.134402740307124,0.10563883253411
"108","Y16H2110340P01T01",1,0.805523196499208,0.0172707621167199,2.21940597228114e-11,0.00110062185897648,0.105021745970759,0.071083673532142,0.805523196499208
"109","Y16H2110340P02T01",1,0.712335672975206,0.0421221206295824,2.80450532121327e-08,0.000548162514854754,0.124241027254602,0.120752988580702,0.712335672975206
"110","Y16H2110342P02T01",1,0.629306848867475,0.0324661370692138,1.22169081335756e-11,0.000853568907821956,0.180250860887319,0.157122584255953,0.629306848867475
"111","Y16H2110401P01T01",1,0.901913635256034,0.00862682368371485,5.31930956596541e-18,0.000893938563029644,0.0817217981151498,0.00684380438207203,0.901913635256034
"112","Y16H2110403P01T01",1,0.733279364278291,0.0141929391279072,1.45524097680804e-20,7.94765413135462e-05,0.143571050504935,0.108877169547553,0.143571050504935
"113","Y16H2110408P01T01",1,0.740560923432115,0.0347486570375238,2.72863860604301e-14,0.00284799106357142,0.133481253022307,0.0883611754444558,0.740560923432115
"114","Y16H2110408P02T01",1,0.685891994078141,0.0247068778525555,5.869598976208e-18,0.000289273572627114,0.140679200456121,0.148432654040556,0.685891994078141
"115","Y16H2110415P01T01",1,0.859090978010223,0.0144497226561542,2.71936187015022e-23,2.06566268936832e-05,0.0982726446244778,0.0281659980822518,0.859090978010223
"116","Y16H2110415P02T01",1,0.582510272454943,0.104521566192385,5.71963496931755e-17,0.000149068493545574,0.190938016649148,0.121881076209978,0.104521566192385
"117","Y16H2110415P03T01",1,0.154374684544667,0.100557016893206,0.523968434530133,0.00193575778290504,0.009330896001015,0.209833210248073,0.154374684544667
"118","Y16H2110417P02T01",1,0.905850068584282,0.0150872334637989,1.28557768828764e-12,0.000169380473288194,0.0703415857716922,0.00855173170565345,0.905850068584282
"119","Y16H2110417P03T01",1,0.783822571431082,0.0567899937875595,5.22721257154903e-21,0.000191103828254837,0.116899947796742,0.0422963831563615,0.783822571431082
"120","Y16H2110418P01T01",1,0.5213590079357,0.0459073242753739,0.116431914251623,0.00636483845141675,0.0318295916206839,0.278107323465203,0.5213590079357
"121","Y16H2110419P02T01",1,0.59913150155577,0.021325256621107,2.26631293709813e-22,5.11960900598636e-06,0.247400919256039,0.132137202958078,0.59913150155577
"122","Y16H2110422P01T01",1,0.847002772614142,0.0199305294655213,5.65327136546392e-15,0.00208788326664478,0.120287994232818,0.010690820420868,0.847002772614142
"123","Y16H2110422P03T01",1,0.548254711144963,0.0399992860267588,0.0377090448492933,0.238816404779819,0.0315655285355981,0.103655024663568,0.548254711144963
"124","Y16H2110424P01T01",1,0.758550452035827,0.0350229701135874,9.00643667915801e-11,0.00573317155547051,0.163983941463304,0.0367094647417474,0.758550452035827
"125","Y16H2110424P03T01",1,0.000297775732730339,0.545640782743334,0.368178039812491,0.0123872051399004,0.00545615153695525,0.0680400450345893,0.368178039812491
"126","Y16H2110426P01T01",1,0.796532924191311,0.0187717895760177,7.23289231962604e-23,0.000139613532156871,0.130690835835587,0.053864836864927,0.796532924191311
"127","Y16H2110426P02T01",1,0.772255819252878,0.026840199929463,9.56634730026485e-11,0.00166548503485528,0.178717488139151,0.0205210075479898,0.772255819252878
"128","Y16H2110437P01T01",1,0.770018433698775,0.0325103252778981,0.0550253017053188,0.0512937268525633,0.0455610988225974,0.0455911136428475,0.0325103252778981
"129","Y16H2110437P04T01",1,0.677277128307574,0.0535670576483594,2.18241057863592e-21,0.000158377106782045,0.222705396087508,0.0462920408497766,0.677277128307574
"130","Y16H2110438P01T01",1,0.317774414038895,0.0718750753305335,5.26169857412592e-21,0.000475337477690057,0.303151073851635,0.306724099301247,0.317774414038895
"131","Y16H2110438P03T01",1,0.000253553440627433,0.368497433403858,0.534479153758941,0.024573250115369,0.00205616404643554,0.0701404452347688,0.534479153758941
"132","Y16H2110438P04T01",1,0.000253553440627433,0.368497433403858,0.534479153758941,0.024573250115369,0.00205616404643554,0.0701404452347688,0.534479153758941
"133","Y16H2110439P01T01",1,0.903827598213535,0.0136142534780425,7.69140619663289e-13,5.05186310861582e-06,0.0537735028863894,0.0287795935581557,0.903827598213535
"134","Y16H2110440P01T01",1,0.836053955220268,0.00683477363552917,3.44347486775267e-22,0.000102492879895356,0.13203794226022,0.0249708360040878,0.0249708360040878
"135","Y16H2110440P02T01",1,0.667138020470081,0.0398799697830552,0.0652482081596699,0.0312238228605724,0.0707817091697888,0.125728269556833,0.667138020470081
"136","Y16H2110440P03T01",1,0.649831564944272,0.0382709105888075,0.020729136484417,0.0759435271039992,0.0578783837977069,0.157346477080797,0.649831564944272
"137","Y16H2120104P01T01",1,0.881152162127399,0.00229942411580252,4.9157731061362e-39,8.30264993928371e-09,0.116548405454148,0,0.881152162127399
"138","Y16H2120104P02T01",1,0.70504110542305,0.00268305769799857,1.67970224232545e-38,1.169095561713e-08,0.292275825187996,0,0.70504110542305
"139","Y16H2120106P01T01",1,0.856657987740831,0.0693926600197752,1.56679895203598e-06,0.000514247054867914,0.0390024313637811,0.0344311070217931,0.856657987740831
"140","Y16H2120110P01T01",1,0.683103747161839,0.0518265640387741,0.0352766619727045,0.0222479181356995,0.0330998322696849,0.174445276421298,0.683103747161839
"141","Y16H2120110P02T01",1,0.612120355690891,0.0624530474297852,0.0470948212623455,0.00897178818780434,0.0447027419027103,0.224657245526464,0.612120355690891
"142","Y16H2120110P03T01",1,0.272837982875797,0.189435154899628,0.199335409968516,0.0259674997824356,0.0193429487062715,0.293081003767351,0.189435154899628
"143","Y16H2120112P04T01",1,0.346095223942166,0.379968968329052,3.95483124924847e-07,0.0210309002327782,0.112674316054563,0.140230195958316,0.379968968329052
"144","Y16H2120123P01T01",1,0.881775633594506,0.0136294642169975,1.9570982104961e-19,0.000112121272041904,0.103251173960135,0.00123160695631923,0.881775633594506
"145","Y16H2120123P02T01",1,0.834077807202102,0.0163592044906497,2.62301990751727e-19,5.16066756870428e-05,0.148343909916576,0.00116747171498555,0.834077807202102
"146","Y16H2120126P01T01",1,0.785764036713007,0.0283413675438072,1.78534544578049e-13,0.00014213883639887,0.169336115625539,0.016416341281069,0.785764036713007
"147","Y16H2120129P01T01",1,0.913820227490144,0.0451958123411816,9.43055783998258e-05,0.002761144211393,0.0157237088215102,0.0224048015573715,0.913820227490144
"148","Y16H2120135P01T01",1,0.999091416292556,0.000908582499086668,7.64159352552392e-53,1.20835714019219e-09,0,0,0.999091416292556
"149","Y16H2120136P01T01",1,0.829927901220652,0.0296630507192666,2.39097850213299e-12,0.00048645949863526,0.105265269053692,0.0346573195053627,0.829927901220652
"150","Y16H2120136P02T01",1,0.766500976931632,0.00742514896486689,8.39845806339614e-30,2.57204239075125e-05,0.226048153679594,0,0.766500976931632
"151","Y16H2120136P03T01",1,0.223933506071225,0.418198801575634,3.49766845159825e-06,0.0430922891502417,0.114783673078284,0.199988232456164,0.199988232456164
"152","Y16H2120202P01T01",1,0.636711354375085,0.0418778772355581,8.84575106567822e-05,0.140984517889932,0.0327237277995683,0.147614065189199,0.147614065189199
"153","Y16H2120202P04T01",1,0.0388191899542736,0.226605793997464,0.419802445467842,0.146098905181033,0.00528809368525246,0.163385571714134,0.226605793997464
"154","Y16H2120205P02T01",1,0.913425531799627,0.0128221026131918,2.44579819272413e-12,0.000485361230689122,0.0482751802761544,0.024991824077892,0.913425531799627
"155","Y16H2120209P03T01",1,0.077646209958509,0.426685276662765,1.08306557912218e-05,0.118862635748224,0.0261785334645453,0.350616513510165,0.350616513510165
"156","Y16H2120209P04T01",1,0.0584094620066192,0.43120809350796,0.00676693227161598,0.0816872901302063,0.0190223328551995,0.402905889228399,0.43120809350796
"157","Y16H2120211P01T01",1,0.696308641229513,0.0413708421052736,1.44756238749621e-07,0.0244722040295785,0.0941693543670562,0.14367881351234,0.696308641229513
"158","Y16H2120211P02T01",1,0.0193169082240448,0.213006734539945,0.618174489254667,0.00585086833145562,0.00309957193344943,0.140551427716438,0.618174489254667
"159","Y16H2120212P01T01",1,0.782887760505388,0.0427480489974486,4.695446809185e-08,0.017838225469896,0.0825612230357588,0.0739646950370403,0.782887760505388
"160","Y16H2120215P01T01",1,0.852861032257534,0.0130457744504157,7.29534300198581e-12,0.000222440677321644,0.105626899195955,0.0282438534114786,0.852861032257534
"161","Y16H2120219P01T01",1,0.806920541236757,0.0250904909041387,6.37961899347935e-07,0.0186706445626517,0.0740103078511313,0.0753073774834212,0.806920541236757
"162","Y16H2120219P04T01",1,0.0446719330854623,0.223241850463823,0.563143776907061,0.0120784964911156,0.0115705250359809,0.145293418016557,0.223241850463823
"163","Y16H2120219P05T01",1,0.000445694690405438,0.558524479142997,0.347929406304076,0.0245661587950569,0.00823169394878384,0.0603025671186806,0.558524479142997
"164","Y16H2120222P02T01",1,0.775960992320426,0.0481491461648791,0.00137959073874841,0.00967636619601363,0.0186896332092646,0.146144271370668,0.775960992320426
"165","Y16H2120230P01T01",1,0.829065881132741,0.0359730165342948,0.00447188782219213,0.0421830651659019,0.0154501060410508,0.0728560433038195,0.829065881132741
"166","Y16H2120230P02T01",1,0.763211524683234,0.0372283393292278,4.44825104052468e-06,0.0237769484426634,0.0467762448637319,0.129002494430103,0.0467762448637319
"167","Y16H2120232P02T01",1,0.0219598490461717,0.125345082986022,0.511197448728139,0.175780393529953,0.00174886536727593,0.163968360342439,0.511197448728139
"168","Y16H2120236P03T01",1,0.655562294602839,0.155340532277242,1.13104650972677e-05,0.0130556541685207,0.0703204146430849,0.105709793843216,0.0703204146430849
"169","Y16H2120236P04T01",1,0.479518029823629,0.195878039602184,0.153141202363875,0.0236436796993552,0.0269544743713242,0.120864574139633,0.479518029823629
"170","Y16H2120240P02T01",1,0.000400618178729184,0.528262268510563,0.398452500918581,0.00680686165585851,0.00366031060425219,0.0624174401320161,0.528262268510563
"171","Y16H2120401P01T01",1,0.893443159805461,0.00523013657059305,5.38380783666294e-33,4.72817889681765e-06,0.0956419266672457,0.00568004877780311,0.0956419266672457
"172","Y16H2120401P04T01",1,0.676686977165266,0.0495422090420823,6.86305849489343e-32,4.90239520538584e-06,0.236497721364113,0.0372681900333331,0.236497721364113
"173","Y16H2120406P01T01",1,0.930966242142092,0.00691255343207046,2.52013379167719e-30,2.72226955910038e-08,0.0471379396809873,0.0149832375221549,0.930966242142092
"174","Y16H2120417P01T01",1,0.856963076661166,0.00892392639218334,3.22248676568188e-26,2.62711646300466e-06,0.131958615764846,0.00215175406534132,0.856963076661166
"175","Y16H2120418P04T01",1,0.000476828768671938,0.736710383580242,0.0988489658443416,0.0339641183860618,0.0107623736163959,0.119237329804286,0.736710383580242
"176","Y16H2120420P01T01",1,0.655519028754173,0.0225677786021436,0.224985177017744,0.0382635784512923,0.013661846338263,0.0450025908363844,0.655519028754173
"177","Y16H2120424P01T01",1,0.851613958349281,0.00870688530854476,3.32369686527984e-31,1.73319881633153e-06,0.125662937545357,0.0140144855980001,0.851613958349281
"178","Y16H2120425P01T01",1,0.75716282799123,0.0260206774989979,4.06995041728992e-12,0.00127482708019161,0.215541667425511,0,0.75716282799123
"179","Y16H2120427P01T01",1,0.763871708195084,0.0109316059243106,5.74544144676083e-32,2.72879273669843e-06,0.142808105438062,0.0823858516498064,0.0109316059243106
"180","Y16H2120431P01T01",1,0.919700906267017,0.0108242826716223,1.02381920897492e-32,1.44660654677807e-07,0.0404083777705573,0.0290662886301485,0.919700906267017
"181","Y16H2120436P02T01",1,0.492295110454082,0.0173119009156068,8.2026723201929e-32,5.76408831678556e-06,0.279386893725674,0.21100033081632,0.279386893725674
"182","Y16H2120437P03T01",1,0.000796346148469426,0.819877966704027,2.75337751139915e-11,0.00850370108062515,0.057004496056639,0.113817489982706,0.113817489982706
"183","Y16H2120437P04T01",1,0.00064325884277773,0.840365126520274,2.70875485164047e-11,0.00285045191384261,0.0665511407657466,0.0895900219302719,0.0895900219302719
"184","Y16H2120439P01T01",1,0.813228349613145,0.0122542399286189,1.12027143158519e-29,3.87241548504653e-06,0.144250452608718,0.0302630854340337,0.813228349613145
"185","Y16H2120439P03T01",1,0.000316038748915126,0.502705830900062,0.383612352196442,0.0541826822725219,0.00254127366499461,0.0566418222170641,0.502705830900062
"186","Y16H2120440P01T01",1,0.877495613010315,0.0086183333649484,1.82828704609486e-29,4.33259213795774e-07,0.110947298890064,0.00293832147545908,0.877495613010315
"187","Y16H2120440P05T01",1,0.000683156650736971,0.486389053325043,0.427548334527975,0.0386566394426444,0.00555498182440024,0.0411678342292006,0.486389053325043
"188","Y16H2120440P06T01",1,0.000566999328292127,0.512248813395987,0.43220954812956,0.0133148116259256,0.00694717418329564,0.0347126533369401,0.512248813395987
"189","Y16H2120505P01T01",1,0.600900186551004,0.00336264506771127,6.45704092939713e-31,3.08835474712523e-07,0.382396182749659,0.0133406767961512,0.382396182749659
"190","Y16H2120505P03T01",1,0.000282269965428051,0.638428444411967,0.286799415783907,0.00358997730574526,0.00300693125305721,0.0678929612798957,0.286799415783907
"191","Y16H2120509P01T01",1,0.542291630404545,0.0561259069171769,0.0772356053949541,0.00522431912408742,0.0435179960671173,0.27560454209212,0.542291630404545
"192","Y16H2120509P02T01",1,0.00078514745897897,0.827357803108567,0.0601386660165586,0.00738010457451077,0.00870520563248547,0.0956330732088989,0.827357803108567
"193","Y16H2120510P01T01",1,0.618446284980367,0.0513329454967203,0.0325328448763811,0.00404150316863197,0.04792360040071,0.24572282107719,0.618446284980367
"194","Y16H2120510P02T01",1,0.000992227652265403,0.838527275398498,0.0321601982537348,0.0072483003529901,0.0122366445072642,0.108835353835248,0.838527275398498
"195","Y16H2120510P03T01",1,0.00080233828567142,0.860395854059589,0.0316736490672906,0.0024323012142247,0.0149636179335195,0.0897322394397046,0.860395854059589
"196","Y16H2120516P02T01",1,0.750711321255573,0.0120299687956419,1.28063316454907e-23,1.12890314187259e-06,0.205529448935705,0.0317281321099381,0.205529448935705
"197","Y16H2120522P04T01",1,0.000182260764941916,0.535453166963671,0.373730826185521,0.0130005341367056,0.00247910216860377,0.0751541097805569,0.535453166963671
"198","Y16H2120522P05T01",1,0.000218409618246693,0.50566761142653,0.367748464518379,0.0375449344974848,0.001932441817738,0.0868881381216207,0.50566761142653
"199","Y16H2120522P06T01",1,0.000182260764941916,0.535453166963671,0.373730826185521,0.0130005341367056,0.00247910216860377,0.0751541097805569,0.535453166963671
"200","Y16H2120527P01T01",1,0.755935418517307,0.0288314443258039,1.88085053804483e-14,0.000696122598042391,0.193619588221413,0.0209174263374144,0.755935418517307
"201","Y16H2120529P03T01",1,0.97220475220899,0.0151469212152124,4.44409619811564e-22,3.52805179990674e-07,0,0.0126479737706176,0.97220475220899
"202","Y16H2120530P01T01",1,0.788193820339238,0.019764161833686,2.49095960627105e-20,4.0811466121488e-05,0.153682457559761,0.0383187488011936,0.788193820339238
"203","Y16H2120532P02T01",1,0.843416030161792,0.0102532595581915,1.77537262375997e-26,8.26442004765291e-07,0.138090517063063,0.00823936677494817,0.843416030161792
"204","Y16H2120532P04T01",1,0.00054767701650481,0.615900458273138,0.325294087696338,0.00584457321132977,0.00584966372368756,0.0465635400790023,0.615900458273138
"205","Y16H2120532P05T01",1,0.000670851776116563,0.594535319780031,0.327151139515751,0.0172513576294788,0.00471578145342705,0.0556755498451955,0.594535319780031
"206","Y16H2120533P02T01",1,0.00130472200438034,0.839712597334835,1.26929099189396e-09,1.25945104841305e-05,0.0856502046055808,0.0733198802754287,0.839712597334835
"207","Y16H2120533P03T01",1,0.00130472200438034,0.839712597334835,1.26929099189396e-09,1.25945104841305e-05,0.0856502046055808,0.0733198802754287,0.839712597334835
"208","Y16H2120537P01T01",1,0.404863075131247,0.0382528064051815,0.390747410522928,0.00380001836467395,0.0180856106668956,0.144251078909073,0.404863075131247
"209","Y16H2130309P01T01",1,0.406350896502456,0.056078580489843,0.3707225803987,0.00578239992688904,0.00556323087173866,0.155502311810373,0.3707225803987
"210","Y16H2130309P02T01",1,0.268043138590572,0.198382633837862,0.0327272615094809,0.0344301006669683,0.0195266393780972,0.446890226017019,0.446890226017019
"211","Y16H2130312P04T01",1,0.000214447538494239,0.502645518023608,0.405843950361053,0.0127619217752547,0.00194932704147734,0.0765848352601129,0.405843950361053
"212","Y16H2130323P02T01",1,0.000159402832416156,0.346229686509767,0.600535948763142,0.00509131775902865,0.00101341565532394,0.0469702284803227,0.346229686509767
"213","Y16H2130324P02T01",1,0.465260473439674,0.034856609195555,3.87397439120594e-05,0.229193388585064,0.0516639531735896,0.218986835862206,0.465260473439674
"214","Y16H2130324P03T01",1,0.000330880549118681,0.545935815950296,0.0712233397739061,0.244350064549468,0.00468544217195653,0.133474457005255,0.545935815950296
"215","Y16H2130324P04T01",1,0.000330880549118681,0.545935815950296,0.0712233397739061,0.244350064549468,0.00468544217195653,0.133474457005255,0.545935815950296
"216","Y16H2130325P01T01",1,0.745798040356941,0.0444216642973905,0.000366165906687448,0.0242890141076406,0.0547000462316079,0.130425069099733,0.745798040356941
"217","Y16H2130326P01T01",1,0.871354557804863,0.0359345010247363,0.0032795881817889,0.00412494706385166,0.0273097789032344,0.0579966270215258,0.871354557804863
"218","Y16H2130327P02T01",1,0.471431532764238,0.0512570367516519,0.00178093359546288,0.125073870702523,0.0622528457377256,0.288203780448398,0.471431532764238
"219","Y16H2130332P01T01",1,0.701578414549571,0.0472145552141309,0.0296916072320889,0.00817189606038664,0.0351099219411072,0.178233605002716,0.701578414549571
"220","Y16H2130333P01T01",1,0.882536616581434,0.0134562903333416,6.30843418989188e-10,0.000326874494287055,0.0890135686653501,0.014666649294744,0.882536616581434
"221","Y16H2130338P02T01",1,0.513349400799156,0.0428092775445635,0.000917129714967304,0.0793259468894454,0.0480788306501716,0.315519414401696,0.0428092775445635
"222","Y16H2130339P01T01",1,0.548365384145258,0.0460693418424706,0.00115930922619002,0.0339590915109976,0.0574861787414244,0.312960694533659,0.0574861787414244
"223","Y16H2130339P02T01",1,0.503195578761926,0.0536430815022008,0.00150015930143813,0.014972555871595,0.091357344151483,0.335331280411357,0.091357344151483
"224","Y16H2130340P01T01",1,0.397558460838685,0.0353856549328289,0.000197011780970473,0.288197173355984,0.0708850712846457,0.207776627806887,0.288197173355984
"225","Y16H2130340P02T01",1,0.389615590303956,0.0295881357686613,7.74571681087511e-05,0.413315582794896,0.0334570876042058,0.133946146360173,0.133946146360173
"226","Y16H2130407P03T01",1,0.698836407830489,0.0638236705317858,7.67787004974436e-10,0.000227385460764963,0.133963982601854,0.103148552807319,0.698836407830489
"227","Y16H2130407P04T01",1,0.356090948589775,0.228930911639261,0.301233663050446,0.000713408907904175,0.0126385196423753,0.100392548170239,0.356090948589775
"228","Y16H2130411P01T01",1,0.613004536916483,0.0173121465771575,6.69857185068863e-18,0.000469299274712937,0.122435165937302,0.246778851294344,0.246778851294344
"229","Y16H2130415P01T01",1,0.73669313872884,0.0187009990365519,1.86458309998141e-20,2.66119634020308e-05,0.226782986659901,0.0177962636113049,0.73669313872884
"230","Y16H2130418P04T01",1,0.786855538550273,0.0195849388633689,8.34478783591193e-09,0.000239346835278861,0.0844270326013606,0.108893134804931,0.108893134804931
"231","Y16H2130418P06T01",1,0.0884395391383144,0.0598490881966115,0.682582381735257,0.00249966980829337,0.0139162210364292,0.152713100085094,0.682582381735257
"232","Y16H2130423P02T01",1,0.839694088887755,0.0132374778746635,4.03160434688471e-15,0.00163958052147884,0.0993924489519166,0.0460364037641819,0.0993924489519166
"233","Y16H2130423P03T01",1,0.00122688421346921,0.748569936491658,0.0795545239323471,0.0529396289412009,0.0159308999233663,0.101778126497959,0.748569936491658
"234","Y16H2130428P04T01",1,0.000993762462543777,0.713736009217712,4.08739095012824e-07,0.00437080130245923,0.0744867532901212,0.206412264988069,0.713736009217712
"235","Y16H2130429P01T01",1,0.458026504682759,0.0343103116389078,2.99231872226859e-08,0.0513102031793728,0.0681414114738923,0.388211539101881,0.388211539101881
"236","Y16H2130429P02T01",1,0.557474783174399,0.0383475017504621,1.0770290721813e-14,0.00461650424869576,0.153250409778198,0.246310801048234,0.557474783174399
"237","Y16H2130432P02T01",1,0.65774313329646,0.0463974910050786,0.0642131573971478,0.0430467172360871,0.0248400865294865,0.16375941453574,0.65774313329646
"238","Y16H2130432P03T01",1,0.49066060571489,0.207309976399013,0.0422404771758426,0.0302589951607825,0.0236088480168167,0.205921097532655,0.207309976399013
"239","Y16H2130432P04T01",1,0.00111845844489924,0.730470600796256,0.0736073923872431,0.0683421610870008,0.0187305745207122,0.107730812763888,0.730470600796256
"240","Y16H2130439P01T01",1,0.751173738898834,0.0233647477161387,9.08043291420835e-11,0.000747585267460726,0.0911428387077628,0.133571089319,0.751173738898834
"241","Y16H2130440P03T01",1,0.0280944866088668,0.207771612098632,0.63034740898824,0.00559723421677296,0.00440969373613861,0.12377956435135,0.207771612098632
"242","Y16H2130440P04T01",1,0.000352607240041267,0.515329843196168,0.387537272519352,0.0332474028100743,0.00251238225259649,0.0610204919817677,0.515329843196168
"243","Y16H2130440P05T01",1,0.000352607240041267,0.515329843196168,0.387537272519352,0.0332474028100743,0.00251238225259649,0.0610204919817677,0.515329843196168
"244","Y16H2130501P01T01",1,0.766209843364242,0.0196043778169098,5.25302653236874e-18,4.51048670980195e-05,0.21414067395175,0,0.766209843364242
"245","Y16H2130501P03T01",1,0.0012314988763029,0.901938866038931,0.000498024027301855,0.0127613813967483,0.0362572022123551,0.0473130274483609,0.901938866038931
"246","Y16H2130501P04T01",1,0.000986488479370188,0.916790332069471,0.000485906561283792,0.00424230557983207,0.0412248136111117,0.0362701536989309,0.916790332069471
"247","Y16H2130503P01T01",1,0.768598023230683,0.0077788205030991,3.94822521966074e-25,1.11779052060684e-06,0.210750450965221,0.0128715875104761,0.210750450965221
"248","Y16H2130505P04T01",1,0.474407909004795,0.282465317415217,0.0201317667397863,0.0243744319067122,0.0255865517099366,0.173034023223553,0.282465317415217
"249","Y16H2130505P05T01",1,0.000940949747535835,0.861256140628565,0.0214673793506607,0.0353107426854813,0.0153807985541561,0.0656439890336012,0.861256140628565
"250","Y16H2130512P02T01",1,0.000497723424716201,0.861494964089999,0.00812922652494301,0.018682911589042,0.00826644739996613,0.102928726971334,0.861494964089999
"251","Y16H2130515P03T01",1,0.000706438965068329,0.77498690616965,0.0685413594406163,0.0637806507478874,0.00877695107548047,0.0832076936012969,0.77498690616965
