tripID,Observation,card,carp,walk,bike,ptwalk,chosen
1,1,0.002566359,0.160878738,0.773215282,0.012992648,0.050346973,0.773215282
2,1,0.002635742,0.165678597,0.766183151,0.01316115,0.05234136,0.766183151
3,1,0.019035515,0.237327686,0.639452299,0.087425235,0.016759265,0.237327686
4,1,0.019035515,0.237327686,0.639452299,0.087425235,0.016759265,0.237327686
5,1,0.011670728,0.256213374,0.679267363,0.031587994,0.021260542,0.256213374
6,1,0.000325167,0.082069888,0.404143668,0.446325246,0.06713603,0.404143668
7,1,0.011494885,0.242942543,0.68839059,0.036620234,0.020551748,0.68839059
8,1,0.002457605,0.165740082,0.770324069,0.005361517,0.056116726,0.770324069
9,1,0.002578282,0.213919051,0.695424112,0.009716333,0.078362222,0.695424112
10,1,0.207136972,0.049479431,0.625103164,0.034844858,0.083435576,0.625103164
11,1,0.258382557,0.022379647,0.659155169,0.026034709,0.034047918,0.659155169
12,1,0.258382557,0.022379647,0.659155169,0.026034709,0.034047918,0.659155169
13,1,0.002171976,0.158178099,0.779842752,0.002080142,0.057727032,0.158178099
14,1,0.023050404,0.053635097,0.547967998,0.336892384,0.038454117,0.547967998
15,1,0.155319895,0.042040837,0.717843139,0.0309427,0.053853429,0.717843139
16,1,0.149836407,0.120811916,0.627119034,0.044926951,0.057305692,0.627119034
17,1,0.001377432,0.180077592,0.76298564,0.003803712,0.051755624,0.76298564
18,1,0.002470246,0.167021269,0.768810391,0.005200209,0.056497884,0.768810391
19,1,0.03739792,0.375955316,0.558489809,0.002344877,0.025812078,0.558489809
20,1,0.192076401,0.042648766,0.668795926,0.060321262,0.036157645,0.668795926
21,1,0.377276021,0.025300684,0.567018429,0.004764042,0.025640824,0.567018429
22,1,0.008571002,0.155294322,0.727363806,0.004257288,0.104513582,0.727363806
23,1,0.012256427,0.333212887,0.595027824,0.020230558,0.039272304,0.595027824
24,1,0.020540618,0.317140236,0.573324982,0.05730847,0.031685694,0.573324982
25,1,0.012256427,0.333212887,0.595027824,0.020230558,0.039272304,0.595027824
26,1,0.150360075,0.119157425,0.631711576,0.040869517,0.057901407,0.631711576
27,1,0.002276899,0.164614682,0.770933441,0.002241835,0.059933143,0.770933441
28,1,0.018344797,0.092633259,0.770500795,0.046273902,0.072247246,0.770500795
29,1,0.01589741,0.323740856,0.617741833,0.003506284,0.039113616,0.617741833
30,1,0.000362203,0.110637697,0.783499919,0.024978444,0.080521738,0.783499919
31,1,0.000205152,0.110343832,0.784641284,0.008508445,0.096301287,0.784641284
32,1,0.059917365,0.08046294,0.731774964,0.047843602,0.080001129,0.731774964
33,1,0.000387426,0.116977953,0.768485149,0.027053597,0.087095875,0.768485149
34,1,0.004020717,0.159020931,0.780263931,0.006831183,0.049863237,0.780263931
35,1,0.016000704,0.247402171,0.708488567,0.006327896,0.021780662,0.708488567
36,1,0.001534601,0.2236079,0.673097717,0.003037278,0.098722504,0.673097717
37,1,0.002730233,0.225928659,0.678948812,0.009007221,0.083385075,0.678948812
38,1,0.041700595,0.06704814,0.751339327,0.073129315,0.066782623,0.751339327
39,1,0.000382846,0.1299518,0.700708045,0.022848763,0.146108546,0.700708045
40,1,0.001474458,0.214291326,0.685953918,0.003387451,0.094892847,0.685953918
41,1,0.768410862,0.01506784,0.207388442,0.002369019,0.006763837,0.207388442
42,1,0.768410862,0.01506784,0.207388442,0.002369019,0.006763837,0.207388442
43,1,0.049398802,0.080167251,0.738770576,0.023348819,0.108314552,0.738770576
44,1,0.000204569,0.101691291,0.788505511,0.004989535,0.104609094,0.788505511
45,1,0.306771325,0.064378907,0.535590323,0.035802822,0.057456623,0.535590323
46,1,0.043333411,0.067296526,0.750809781,0.069477162,0.06908312,0.750809781
47,1,0.043333411,0.067296526,0.750809781,0.069477162,0.06908312,0.750809781
48,1,0.043333411,0.067296526,0.750809781,0.069477162,0.06908312,0.750809781
49,1,0.043333411,0.067296526,0.750809781,0.069477162,0.06908312,0.750809781
50,1,0.676313313,0.011316026,0.232231567,0.077068641,0.003070452,0.676313313
51,1,0.001955309,0.240651188,0.644537825,0.021335813,0.091519864,0.644537825
52,1,0.002049511,0.159576655,0.759022625,0.010287864,0.069063345,0.759022625
53,1,0.001347926,0.161161719,0.78056811,0.002058104,0.054864141,0.78056811
54,1,0.002384666,0.161921039,0.783506596,0.006073604,0.046114095,0.783506596
55,1,0.002818648,0.143741062,0.635784539,0.187329005,0.030326746,0.635784539
56,1,0.01278192,0.027128638,0.526247844,0.324952961,0.108888637,0.526247844
57,1,0.01278192,0.027128638,0.526247844,0.324952961,0.108888637,0.526247844
58,1,0.383117534,0.027123257,0.559330938,0.004468206,0.025960066,0.559330938
59,1,0.01135483,0.24653358,0.686000599,0.035542541,0.02056845,0.686000599
60,1,0.002608152,0.212753763,0.696582138,0.009265042,0.078790905,0.212753763
61,1,0.001591504,0.189375289,0.745378804,0.01227452,0.051379883,0.745378804
62,1,0.532530532,0.022772316,0.411690441,0.01170535,0.021301362,0.411690441
63,1,0.172778248,0.050219971,0.695016897,0.014969217,0.067015667,0.172778248
64,1,0.012601156,0.324019949,0.580089173,0.047236955,0.036052767,0.580089173
65,1,0.452326596,0.057205237,0.426601439,0.011457647,0.052409082,0.426601439
66,1,0.007047979,0.234208693,0.717753148,0.001307123,0.039683058,0.234208693
67,1,0.017876036,0.356084152,0.577221662,0.004236853,0.044581297,0.577221662
68,1,0.001539483,0.169664892,0.709292659,0.049939852,0.069563114,0.169664892
69,1,0.047287927,0.129992737,0.663277675,0.021964919,0.137476742,0.663277675
70,1,0.047287927,0.129992737,0.663277675,0.021964919,0.137476742,0.663277675
71,1,0.001785172,0.22638166,0.66712064,0.01695342,0.087759108,0.66712064
72,1,0.001785172,0.22638166,0.66712064,0.01695342,0.087759108,0.66712064
73,1,0.002978728,0.202839946,0.726289889,0.009098826,0.05879261,0.726289889
74,1,0.124594042,0.085741746,0.735970543,0.008967353,0.044726315,0.085741746
75,1,0.007822224,0.27857919,0.624854995,0.03981558,0.048928011,0.624854995
76,1,0.007822224,0.27857919,0.624854995,0.03981558,0.048928011,0.624854995
77,1,0.000407081,0.120522124,0.756768914,0.030460568,0.091841312,0.756768914
78,1,0.063067453,0.084792592,0.720233709,0.046493148,0.085413098,0.720233709
79,1,0.001447162,0.173430057,0.762929208,0.002193942,0.059999631,0.762929208
80,1,0.001447162,0.173430057,0.762929208,0.002193942,0.059999631,0.762929208
81,1,0.000320868,0.055324168,0.612060494,0.045507483,0.286786988,0.612060494
82,1,0.175086252,0.087555662,0.627143489,0.009235007,0.10097959,0.627143489
83,1,0.000246514,0.120176514,0.759722087,0.019006029,0.100848857,0.759722087
84,1,0.000337964,0.058215531,0.577095593,0.060227456,0.304123457,0.577095593
85,1,0.004183921,0.168775849,0.767176856,0.006498296,0.053365078,0.767176856
86,1,0.003158242,0.18104103,0.732785633,0.028416287,0.054598808,0.732785633
87,1,0.000360668,0.107209353,0.786752867,0.024685602,0.08099151,0.786752867
88,1,0.000366011,0.109862564,0.784864055,0.022913614,0.081993756,0.784864055
89,1,0.00020697,0.10939158,0.784709407,0.00779221,0.097899832,0.784709407
90,1,0.000280913,0.143886399,0.646086434,0.038491858,0.171254397,0.646086434
91,1,0.00882651,0.312663398,0.587596862,0.036020501,0.05489273,0.587596862
92,1,0.00882651,0.312663398,0.587596862,0.036020501,0.05489273,0.587596862
93,1,0.019394654,0.118390917,0.700816976,0.031527934,0.129869518,0.700816976
94,1,0.000214765,0.098690297,0.792453423,0.013145775,0.09549574,0.792453423
95,1,0.014850678,0.258398427,0.700279599,0.005037236,0.02143406,0.700279599
96,1,0.081392038,0.058550571,0.651828935,0.092107148,0.116121308,0.651828935
97,1,0.000212062,0.110984072,0.780122049,0.009102524,0.099579293,0.780122049
98,1,0.018669453,0.180551409,0.673910325,0.029665773,0.09720304,0.673910325
99,1,0.000210511,0.103135356,0.793372234,0.009109756,0.094172144,0.793372234
100,1,0.001559983,0.197022085,0.738903716,0.004014453,0.058499763,0.738903716
101,1,0.002750913,0.19731123,0.739131173,0.011806126,0.049000558,0.739131173
102,1,0.001559983,0.197022085,0.738903716,0.004014453,0.058499763,0.738903716
103,1,0.000182038,0.05299281,0.612459281,0.036596998,0.297768873,0.612459281
104,1,0.073581395,0.045352278,0.430554026,0.370271879,0.080240422,0.430554026
105,1,0.020490281,0.33136259,0.569593188,0.045097668,0.033456273,0.33136259
106,1,0.007443083,0.307169582,0.61548534,0.006213644,0.06368835,0.61548534
107,1,0.000188004,0.035403461,0.518443188,0.323065427,0.12289992,0.323065427
108,1,0.005800337,0.260950905,0.667401531,0.001091403,0.064755824,0.667401531
109,1,0.005800337,0.260950905,0.667401531,0.001091403,0.064755824,0.667401531
110,1,0.081359827,0.1056101,0.737918489,0.014023992,0.061087593,0.737918489
111,1,0.000419711,0.12502103,0.751943353,0.026835357,0.095780549,0.751943353
112,1,0.198892241,0.073303666,0.61423255,0.007707163,0.105864381,0.198892241
113,1,0.002501727,0.204492226,0.707526375,0.008648696,0.076830976,0.204492226
114,1,0.001407467,0.202579384,0.702050684,0.002918966,0.091043497,0.202579384
115,1,0.001177106,0.160736175,0.75079928,0.002829572,0.084457867,0.75079928
116,1,0.712537064,0.021029166,0.252855738,0.000769595,0.012808437,0.252855738
117,1,0.022189325,0.360317463,0.554074831,0.02421468,0.039203701,0.554074831
118,1,0.019227688,0.131389029,0.611306509,0.021404317,0.216672457,0.611306509
119,1,0.082453123,0.050212919,0.736486671,0.025167612,0.105679677,0.736486671
120,1,0.00169111,0.233923648,0.653539586,0.00350402,0.107341636,0.653539586
121,1,0.000184795,0.048380993,0.72300313,0.02736523,0.201065852,0.72300313
122,1,0.271008615,0.077235582,0.582169661,0.028945408,0.040640735,0.582169661
123,1,0.310044354,0.10396775,0.551186608,0.008021858,0.02677943,0.551186608
124,1,0.069869226,0.175668285,0.579340656,0.127262344,0.047859489,0.579340656
125,1,0.03448581,0.098002991,0.635689597,0.161130957,0.070690645,0.635689597
126,1,0.00039512,0.100354579,0.780954254,0.011071654,0.107224392,0.780954254
127,1,0.000694668,0.100199383,0.77733639,0.03239987,0.089369689,0.77733639
128,1,0.000694668,0.100199383,0.77733639,0.03239987,0.089369689,0.77733639
129,1,0.00039512,0.100354579,0.780954254,0.011071654,0.107224392,0.780954254
130,1,0.000186847,0.049965557,0.720585388,0.026304589,0.202957619,0.720585388
131,1,0.002939287,0.21170156,0.720446198,0.012094473,0.052818482,0.720446198
132,1,0.538894734,0.047081418,0.382454326,0.003326408,0.028243114,0.382454326
133,1,0.001957431,0.155873327,0.547804874,0.224142495,0.070221873,0.547804874
134,1,0.001957431,0.155873327,0.547804874,0.224142495,0.070221873,0.547804874
135,1,0.008528699,0.299462846,0.593416448,0.044950041,0.053641966,0.593416448
136,1,0.008528699,0.299462846,0.593416448,0.044950041,0.053641966,0.593416448
137,1,0.00042088,0.140608347,0.675820825,0.021145456,0.162004491,0.675820825
138,1,0.00042088,0.140608347,0.675820825,0.021145456,0.162004491,0.675820825
139,1,0.246912825,0.032466904,0.628562761,0.057716612,0.034340898,0.057716612
140,1,0.003165039,0.219258481,0.652076573,0.055795534,0.069704372,0.652076573
141,1,0.001841422,0.224621177,0.668709155,0.019462147,0.085366099,0.668709155
142,1,0.00301422,0.189328953,0.707703557,0.059911673,0.040041596,0.707703557
143,1,0.010309847,0.244870474,0.66823081,0.044091362,0.032497506,0.244870474
144,1,0.016499557,0.222554515,0.616295014,0.119553704,0.02509721,0.222554515
145,1,0.000418372,0.114986049,0.766283035,0.015295544,0.103017001,0.766283035
146,1,0.000418372,0.114986049,0.766283035,0.015295544,0.103017001,0.766283035
147,1,0.000228376,0.112435729,0.775560436,0.007735651,0.104039808,0.775560436
148,1,0.286308619,0.084993058,0.565240919,0.007483105,0.055974298,0.565240919
149,1,0.000296553,0.172836925,0.578442389,0.008871029,0.239553104,0.578442389
150,1,0.000535511,0.1772483,0.59072825,0.026634772,0.204853167,0.59072825
151,1,0.002277562,0.242461662,0.551595803,0.121664092,0.082000882,0.551595803
152,1,0.412212383,0.092326349,0.437874962,0.025157254,0.032429052,0.412212383
153,1,0.436599266,0.036842906,0.497188809,0.003681651,0.025687367,0.497188809
154,1,0.000239775,0.142265494,0.660204125,0.005617301,0.191673305,0.660204125
155,1,0.003231312,0.187801635,0.725922129,0.036242618,0.046802306,0.036242618
156,1,0.001685028,0.241428051,0.645817078,0.00331682,0.107753023,0.645817078
157,1,0.015238789,0.208909873,0.620335737,0.132392655,0.023122946,0.132392655
158,1,0.00033147,0.045691408,0.679468073,0.125976811,0.148532238,0.679468073
159,1,0.398702268,0.039855585,0.472909666,0.042101785,0.046430695,0.398702268
160,1,0.007740609,0.290830632,0.630761372,0.017348495,0.053318892,0.630761372
161,1,0.092040816,0.411688807,0.475873948,0.002733939,0.01766249,0.475873948
162,1,0.001710326,0.243717452,0.640697574,0.00306561,0.110809038,0.640697574
163,1,0.021499837,0.337038789,0.562273782,0.044198978,0.034988614,0.562273782
164,1,0.00231371,0.17612736,0.733764766,0.00962515,0.078169014,0.17612736
165,1,0.014541758,0.238029942,0.704709016,0.00848645,0.034232833,0.704709016
166,1,0.004402263,0.170626866,0.763621456,0.006673406,0.054676008,0.170626866
167,1,0.003193927,0.259774606,0.62774359,0.009610593,0.099677285,0.62774359
168,1,0.001790855,0.25647929,0.620780357,0.003232649,0.117716849,0.620780357
169,1,0.01806291,0.289040931,0.630572162,0.025167504,0.037156494,0.630572162
170,1,0.00156237,0.198526242,0.73782662,0.003188286,0.058896481,0.73782662
171,1,0.01114973,0.361115318,0.575456691,0.002506427,0.049771834,0.575456691
172,1,0.312370078,0.137254944,0.506697798,0.00601367,0.037663511,0.506697798
173,1,0.473709184,0.022423068,0.464896655,0.007527834,0.031443258,0.473709184
174,1,0.007778454,0.253189437,0.694298383,0.001267101,0.043466625,0.694298383
175,1,0.000241184,0.118011864,0.759558948,0.010843218,0.111344786,0.759558948
176,1,0.000669904,0.11088738,0.768141612,0.014406781,0.105894324,0.768141612
177,1,0.108418938,0.108043249,0.662504048,0.038945806,0.082087959,0.662504048
178,1,0.108418938,0.108043249,0.662504048,0.038945806,0.082087959,0.662504048
179,1,0.004283693,0.171361629,0.764545295,0.00501595,0.054793432,0.764545295
180,1,0.322345862,0.115314914,0.527903713,0.00969779,0.02473772,0.527903713
181,1,0.000312856,0.046040944,0.699934768,0.012710034,0.241001398,0.699934768
182,1,0.000312847,0.046039614,0.699914548,0.012709667,0.241023325,0.699914548
183,1,0.005101853,0.183231188,0.737148275,0.019287996,0.055230687,0.737148275
184,1,0.146665621,0.094070096,0.688393228,0.031294352,0.039576703,0.688393228
185,1,0.005669407,0.168449702,0.590236508,0.196491336,0.039153047,0.590236508
186,1,0.005669407,0.168449702,0.590236508,0.196491336,0.039153047,0.590236508
187,1,0.010419267,0.341454161,0.595132535,0.001097703,0.051896333,0.595132535
188,1,0.010419267,0.341454161,0.595132535,0.001097703,0.051896333,0.595132535
189,1,0.000290865,0.126583915,0.554970797,0.188835792,0.129318631,0.188835792
190,1,0.000252228,0.120303299,0.758664593,0.018081902,0.102697977,0.758664593
191,1,0.249307463,0.024493407,0.578172211,0.066854328,0.08117259,0.578172211
192,1,0.000239631,0.124266631,0.75290592,0.007465415,0.115122403,0.75290592
193,1,0.006012123,0.281009394,0.642588689,0.000848906,0.069540888,0.642588689
194,1,0.002551196,0.178835853,0.748549429,0.002072358,0.067991164,0.748549429
195,1,0.004508316,0.179475433,0.752645428,0.006126071,0.057244751,0.752645428
196,1,0.002092983,0.240290053,0.632883033,0.036819961,0.08791397,0.632883033
197,1,0.000321759,0.04681316,0.691964648,0.014331064,0.246569369,0.691964648
198,1,0.00057439,0.047459519,0.700351724,0.042644017,0.20897035,0.700351724
199,1,0.000407528,0.114771741,0.764856505,0.029805474,0.090158752,0.764856505
200,1,0.000231153,0.114629722,0.767000929,0.010166339,0.107971856,0.767000929
201,1,0.000231153,0.114629722,0.767000929,0.010166339,0.107971856,0.767000929
202,1,0.057057612,0.033324324,0.576456695,0.230184466,0.102976903,0.057057612
203,1,0.026473862,0.255076468,0.687906181,0.002571934,0.027971555,0.255076468
204,1,0.000449527,0.148181279,0.655775227,0.022807888,0.172786079,0.655775227
205,1,0.000449527,0.148181279,0.655775227,0.022807888,0.172786079,0.655775227
206,1,0.020339142,0.052795421,0.441403721,0.426791171,0.058670545,0.441403721
207,1,0.017198065,0.078607373,0.607777957,0.199883536,0.096533069,0.607777957
208,1,0.012432356,0.312722357,0.605731349,0.003089448,0.06602449,0.605731349
209,1,0.00046835,0.140145976,0.650152752,0.052078183,0.157154739,0.650152752
210,1,0.298275517,0.050966407,0.549242472,0.036732938,0.064782665,0.298275517
211,1,0.001692302,0.239488105,0.647908821,0.003124464,0.107786308,0.239488105
212,1,0.001692302,0.239488105,0.647908821,0.003124464,0.107786308,0.239488105
213,1,0.01476336,0.251773089,0.689394965,0.008256144,0.035812442,0.689394965
214,1,0.004372247,0.173438679,0.761449445,0.004584783,0.056154846,0.761449445
215,1,0.063326603,0.434601011,0.479412207,0.002562381,0.020097799,0.479412207
216,1,0.002809986,0.202497307,0.734219804,0.010349306,0.050123597,0.734219804
217,1,0.020487294,0.373214157,0.549291927,0.012463892,0.04454273,0.373214157
218,1,0.011638379,0.302778548,0.620334884,0.002712535,0.062535654,0.620334884
219,1,0.023485183,0.333328063,0.507500993,0.102806596,0.032879165,0.507500993
220,1,0.086548158,0.103749169,0.66631821,0.019797191,0.123587272,0.66631821
221,1,0.086548158,0.103749169,0.66631821,0.019797191,0.123587272,0.66631821
222,1,0.011348444,0.298804696,0.626098071,0.002509929,0.06123886,0.626098071
223,1,0.237151327,0.172324148,0.448368864,0.006434583,0.135721079,0.448368864
224,1,0.008463879,0.317188808,0.601886669,0.01284295,0.059617693,0.317188808
225,1,0.014511912,0.308853797,0.590598789,0.03705015,0.048985354,0.308853797
226,1,0.095896811,0.039604257,0.684748988,0.016945816,0.162804127,0.684748988
227,1,0.005410822,0.218024074,0.697498956,0.008313826,0.070752323,0.218024074
228,1,0.005410822,0.218024074,0.697498956,0.008313826,0.070752323,0.218024074
229,1,0.000462873,0.154062114,0.650446813,0.018679234,0.176348966,0.650446813
230,1,0.000462873,0.154062114,0.650446813,0.018679234,0.176348966,0.650446813
231,1,0.000256367,0.150250489,0.637018124,0.006222311,0.20625271,0.637018124
232,1,0.493889752,0.052306473,0.355557759,0.050085953,0.048160063,0.355557759
233,1,0.002035163,0.239361191,0.643726042,0.0194,0.095477604,0.239361191
234,1,0.002035163,0.239361191,0.643726042,0.0194,0.095477604,0.239361191
235,1,0.000294527,0.114833616,0.725339702,0.061133061,0.098399094,0.725339702
236,1,0.000294527,0.114833616,0.725339702,0.061133061,0.098399094,0.725339702
237,1,0.284467256,0.048231901,0.60409906,0.025220799,0.037980985,0.284467256
238,1,0.299103822,0.025234299,0.614234154,0.020369896,0.041057829,0.614234154
239,1,0.000223773,0.113094416,0.77137355,0.009905362,0.105402899,0.77137355
240,1,0.000394562,0.113247737,0.769292266,0.029043192,0.088022243,0.769292266
241,1,0.000223773,0.113094416,0.77137355,0.009905362,0.105402899,0.77137355
242,1,0.000259286,0.136167427,0.664238074,0.018318145,0.181017069,0.664238074
243,1,0.000365368,0.08637723,0.349977305,0.487249712,0.076030385,0.349977305
244,1,0.000365368,0.08637723,0.349977305,0.487249712,0.076030385,0.349977305
245,1,0.220493702,0.041439601,0.655800349,0.03323838,0.049027967,0.041439601
246,1,0.000442525,0.127113595,0.718492265,0.006255048,0.147696566,0.718492265
247,1,0.000489904,0.123566599,0.661283336,0.131097614,0.083562547,0.661283336
248,1,0.000283121,0.14373288,0.714041813,0.008510043,0.133432142,0.714041813
249,1,0.000283121,0.14373288,0.714041813,0.008510043,0.133432142,0.714041813
250,1,0.057439509,0.353367105,0.564688281,0.006579009,0.017926096,0.564688281
251,1,0.014969328,0.389148609,0.512074466,0.040056791,0.043750806,0.512074466
252,1,0.000448953,0.128267491,0.714911918,0.005378433,0.150993205,0.714911918
253,1,0.023324554,0.330474211,0.492933788,0.121972911,0.031294537,0.330474211
254,1,0.014593155,0.364077203,0.535637671,0.04508152,0.04061045,0.364077203
255,1,0.046696502,0.085908722,0.697015873,0.05111551,0.119263393,0.697015873
256,1,0.017747677,0.076781292,0.553706644,0.253737704,0.098026684,0.253737704
257,1,0.003158705,0.24740541,0.645325279,0.010172456,0.09393815,0.645325279
258,1,0.00166144,0.206546464,0.724939674,0.00370049,0.063151932,0.724939674
259,1,0.00249044,0.18971695,0.71358063,0.008823196,0.085388785,0.71358063
260,1,0.007236323,0.121370528,0.767743223,0.003121106,0.100528819,0.767743223
261,1,0.32443941,0.031574568,0.586489233,0.020397584,0.037099205,0.586489233
262,1,0.230521658,0.073951705,0.615105961,0.012498053,0.067922623,0.012498053
263,1,0.230521658,0.073951705,0.615105961,0.012498053,0.067922623,0.012498053
264,1,0.000238544,0.121854554,0.756426595,0.008279179,0.113201128,0.756426595
265,1,0.000238544,0.121854554,0.756426595,0.008279179,0.113201128,0.756426595
266,1,0.804803925,0.01811287,0.164504659,0.000556573,0.012021973,0.804803925
267,1,0.001271985,0.149733785,0.764777329,0.008064123,0.076152778,0.764777329
268,1,0.004896663,0.192768665,0.734387797,0.00708003,0.060866846,0.192768665
269,1,0.000747146,0.11935402,0.749198778,0.011670402,0.119029654,0.749198778
270,1,0.000747146,0.11935402,0.749198778,0.011670402,0.119029654,0.749198778
271,1,0.001874921,0.19157289,0.734498518,0.013544055,0.058509617,0.734498518
272,1,0.001846736,0.188693031,0.738647371,0.013182803,0.057630059,0.738647371
273,1,0.000388858,0.111512346,0.750855844,0.0058395,0.131403451,0.750855844
274,1,0.002006552,0.222127065,0.648103841,0.045118695,0.082643848,0.648103841
275,1,0.000803933,0.114279455,0.712462166,0.080293078,0.092161368,0.712462166
276,1,0.000472054,0.118157249,0.738900842,0.028324034,0.114145821,0.738900842
277,1,0.006510215,0.301664538,0.61609936,0.000849698,0.074876189,0.61609936
278,1,0.015387133,0.01792579,0.316815997,0.578269644,0.071601436,0.316815997
279,1,0.000465003,0.136666346,0.725038314,0.030948117,0.106882219,0.725038314
280,1,0.000263116,0.136167235,0.725343357,0.010530998,0.127695294,0.725343357
281,1,0.000465003,0.136666346,0.725038314,0.030948117,0.106882219,0.725038314
282,1,0.000438851,0.107453982,0.666560449,0.152546147,0.07300057,0.152546147
283,1,0.010313563,0.353686245,0.581319985,0.001077281,0.053602926,0.581319985
284,1,0.018037837,0.351296509,0.582514642,0.003173716,0.044977296,0.582514642
285,1,0.018037837,0.351296509,0.582514642,0.003173716,0.044977296,0.351296509
286,1,0.263042834,0.096228427,0.550879911,0.010178814,0.079670013,0.263042834
287,1,0.000432419,0.121809565,0.730241195,0.006586321,0.1409305,0.730241195
288,1,0.001828719,0.244679045,0.638156574,0.003408791,0.11192687,0.638156574
289,1,0.003256615,0.247454886,0.644510402,0.01012163,0.094656467,0.644510402
290,1,0.020044714,0.377816236,0.548905202,0.004364041,0.048869808,0.548905202
291,1,0.005906517,0.192621655,0.706890602,0.040173347,0.05440788,0.706890602
292,1,0.113682244,0.040862763,0.510170281,0.272259983,0.063024729,0.510170281
293,1,0.113682244,0.040862763,0.510170281,0.272259983,0.063024729,0.510170281
294,1,0.002595275,0.181039673,0.742378212,0.002075822,0.071911017,0.742378212
295,1,0.544787633,0.101503105,0.293111873,0.027571247,0.033026142,0.544787633
296,1,0.003252577,0.196680782,0.724509167,0.011212856,0.064344617,0.724509167
297,1,0.005636126,0.193550776,0.71509591,0.032537488,0.0531797,0.71509591
298,1,0.003252577,0.196680782,0.724509167,0.011212856,0.064344617,0.724509167
299,1,0.013289222,0.389919018,0.53538297,0.008978325,0.052430465,0.53538297
300,1,0.004881863,0.172726833,0.752251083,0.01720646,0.05293376,0.752251083
301,1,0.002787584,0.173668969,0.754288903,0.005868391,0.063386153,0.754288903
302,1,0.00254551,0.163690366,0.723204723,0.047984437,0.062574964,0.047984437
303,1,0.290018871,0.050443915,0.56235753,0.033382173,0.063797511,0.290018871
304,1,0.002877938,0.235441813,0.664312011,0.008359718,0.08900852,0.235441813
305,1,0.002877938,0.235441813,0.664312011,0.008359718,0.08900852,0.235441813
306,1,0.002877938,0.235441813,0.664312011,0.008359718,0.08900852,0.235441813
307,1,0.003023871,0.190053483,0.679303417,0.052705953,0.074913276,0.679303417
308,1,0.003023871,0.190053483,0.679303417,0.052705953,0.074913276,0.679303417
309,1,0.002162237,0.17774085,0.6186407,0.111966895,0.089489318,0.17774085
310,1,0.00048541,0.141534205,0.723139005,0.027077002,0.107764378,0.723139005
311,1,0.240758749,0.173748912,0.441009076,0.00537078,0.139112483,0.441009076
312,1,0.000243589,0.139663799,0.651458491,0.006557883,0.202076238,0.651458491
313,1,0.000439224,0.143018234,0.664327826,0.01966105,0.172553667,0.664327826
314,1,0.264574094,0.091350362,0.549494453,0.01247326,0.082107832,0.549494453
315,1,0.272581161,0.047618409,0.623877192,0.007980925,0.047942313,0.623877192
316,1,0.313965896,0.081268595,0.430233143,0.088626294,0.085906072,0.430233143
317,1,0.314201053,0.081329465,0.430555383,0.088692674,0.085221425,0.430555383
318,1,0.001263117,0.163645905,0.741743037,0.003160651,0.090187291,0.741743037
319,1,0.003911913,0.307888008,0.554226378,0.012844161,0.12112954,0.307888008
320,1,0.005941841,0.233263133,0.675058701,0.00886144,0.076874886,0.675058701
321,1,0.000221471,0.021876171,0.319993087,0.587484103,0.070425168,0.587484103
322,1,0.54273188,0.020283632,0.409061963,0.015635711,0.012286814,0.409061963
323,1,0.000462931,0.116735842,0.66023086,0.147581374,0.074988993,0.66023086
324,1,0.000285725,0.126869552,0.720364576,0.054769745,0.097710402,0.720364576
325,1,0.079791995,0.243642038,0.559234016,0.068757926,0.048574024,0.559234016
326,1,0.00452763,0.172620927,0.761882839,0.005580177,0.055388426,0.761882839
327,1,0.002562814,0.172051988,0.757713236,0.001887632,0.06578433,0.757713236
328,1,0.1727148,0.108457381,0.643820837,0.027620153,0.04738683,0.643820837
329,1,0.603643547,0.017473758,0.318648228,0.042698201,0.017536265,0.603643547
330,1,0.001700394,0.202751825,0.729180297,0.003839651,0.062527833,0.202751825
331,1,0.213660962,0.049149378,0.673021369,0.017242201,0.046926091,0.673021369
332,1,0.163586609,0.09865864,0.665856152,0.02051799,0.051380608,0.665856152
333,1,0.163586609,0.09865864,0.665856152,0.02051799,0.051380608,0.665856152
334,1,0.00699018,0.320518005,0.591028687,0.00106027,0.080402858,0.320518005
335,1,0.112599177,0.039985314,0.553311742,0.230925446,0.063178322,0.553311742
336,1,0.112605996,0.039987735,0.55334525,0.23093943,0.063121589,0.55334525
337,1,0.063878467,0.377155828,0.530795473,0.002751366,0.025418866,0.530795473
338,1,0.011134935,0.373881933,0.556697672,0.001262986,0.057022474,0.373881933
339,1,0.001779174,0.224300238,0.662432235,0.00366774,0.107820613,0.662432235
340,1,0.249361397,0.129716402,0.549318785,0.015625293,0.055978123,0.549318785
341,1,0.249361397,0.129716402,0.549318785,0.015625293,0.055978123,0.549318785
342,1,0.17039743,0.107430057,0.6417852,0.035685045,0.044702269,0.6417852
343,1,0.016573639,0.263558047,0.665906952,0.018916695,0.035044668,0.665906952
344,1,0.5606368,0.037065707,0.359427516,0.007222836,0.035647141,0.359427516
345,1,0.380566247,0.114519425,0.432595897,0.006697527,0.065620903,0.432595897
346,1,0.012402956,0.400242101,0.525013652,0.001295147,0.061046145,0.525013652
347,1,0.022598149,0.398533083,0.523860048,0.007013588,0.047995132,0.523860048
348,1,0.11942897,0.04250008,0.423171967,0.286309422,0.128589561,0.423171967
349,1,0.018533655,0.269117298,0.681549111,0.006314661,0.024485276,0.681549111
350,1,0.012082106,0.296693758,0.625006939,0.002852794,0.063364403,0.625006939
351,1,0.002562556,0.191468952,0.710528248,0.008122664,0.087317581,0.710528248
352,1,0.002362997,0.158511109,0.746324635,0.02515454,0.06764672,0.158511109
353,1,0.000448582,0.147535398,0.657966902,0.015837389,0.178211729,0.657966902
354,1,0.000247902,0.143567247,0.642952319,0.00526394,0.207968592,0.642952319
355,1,0.000428761,0.116714293,0.734220658,0.006120944,0.142515344,0.734220658
356,1,0.000765531,0.118345516,0.742085381,0.01818834,0.120615231,0.742085381
357,1,0.000443859,0.124550267,0.741472931,0.031414643,0.1021183,0.741472931
358,1,0.014829148,0.121142055,0.708839807,0.079497996,0.075690994,0.708839807
359,1,0.056608773,0.108581217,0.70421379,0.02412787,0.10646835,0.70421379
360,1,0.000616928,0.042929476,0.55809771,0.224146909,0.174208978,0.55809771
361,1,0.844781262,0.009727686,0.137845645,0.001982363,0.005663043,0.844781262
362,1,0.002795037,0.194161928,0.74327151,0.011037181,0.048734344,0.194161928
363,1,0.012267664,0.014293413,0.286162167,0.629013538,0.058263218,0.286162167
364,1,0.009633012,0.336734468,0.601318414,0.001218256,0.05109585,0.601318414
365,1,0.009633012,0.336734468,0.601318414,0.001218256,0.05109585,0.601318414
366,1,0.290852757,0.059432766,0.565296586,0.004229387,0.080188504,0.565296586
367,1,0.300855734,0.061476771,0.550229333,0.004491823,0.082946339,0.550229333
368,1,0.000290276,0.137807235,0.722410889,0.023045372,0.116446228,0.722410889
369,1,0.000572389,0.120964534,0.626847835,0.147313667,0.104301575,0.626847835
370,1,0.000796018,0.095536626,0.49373986,0.341135141,0.068792355,0.49373986
371,1,0.000796018,0.095536626,0.49373986,0.341135141,0.068792355,0.49373986
372,1,0.437179753,0.0824019,0.441585442,0.014788163,0.024044741,0.441585442
373,1,0.02463353,0.312166078,0.605300311,0.032563261,0.02533682,0.605300311
374,1,0.0212273,0.351749939,0.571072741,0.016193533,0.039756486,0.571072741
375,1,0.0212273,0.351749939,0.571072741,0.016193533,0.039756486,0.571072741
376,1,0.821136928,0.028838478,0.140679308,0.000627365,0.008717921,0.821136928
377,1,0.303251054,0.087969262,0.538632885,0.008347563,0.061799236,0.538632885
378,1,0.070294802,0.109232571,0.635634529,0.026857456,0.157980642,0.635634529
379,1,0.249748985,0.046310284,0.612981177,0.035452604,0.05550695,0.612981177
380,1,0.023383789,0.372637779,0.526344224,0.03895875,0.038675458,0.526344224
381,1,0.02461878,0.061922874,0.730266819,0.09755224,0.085639286,0.730266819
382,1,0.01598072,0.070778441,0.770351899,0.035002372,0.107886567,0.770351899
383,1,0.543563085,0.034276962,0.304079945,0.084278763,0.033801245,0.543563085
384,1,0.541411156,0.034141262,0.303400536,0.087379618,0.033667428,0.541411156
385,1,0.02734334,0.038994568,0.655908818,0.059441349,0.218311925,0.655908818
386,1,0.752358826,0.008529585,0.231344548,0.001921333,0.005845707,0.231344548
387,1,0.752358826,0.008529585,0.231344548,0.001921333,0.005845707,0.231344548
388,1,0.078770989,0.109550438,0.618220579,0.013181664,0.18027633,0.618220579
389,1,0.015048237,0.321644447,0.582495444,0.021731813,0.059080059,0.321644447
390,1,0.002242335,0.243505242,0.67036729,0.022739601,0.061145532,0.243505242
391,1,0.003813199,0.235167494,0.647067204,0.064530759,0.049421344,0.235167494
392,1,0.196245186,0.024063594,0.352109248,0.410085154,0.017496818,0.352109248
393,1,0.551023692,0.071738177,0.334853571,0.017571406,0.024813154,0.551023692
394,1,0.55005584,0.071612172,0.336267729,0.017294689,0.024769571,0.336267729
395,1,0.015847101,0.308899685,0.532669899,0.094220928,0.048362388,0.532669899
396,1,0.015847101,0.308899685,0.532669899,0.094220928,0.048362388,0.532669899
397,1,0.002330342,0.213095808,0.697613747,0.02626257,0.060697533,0.697613747
398,1,0.064887645,0.078565805,0.653336854,0.035698751,0.167510945,0.653336854
399,1,0.002697041,0.202409624,0.694413656,0.007741008,0.092738672,0.202409624
400,1,0.001512301,0.199849,0.686540279,0.002603142,0.109495278,0.199849
401,1,0.56216477,0.049602687,0.336707099,0.014890532,0.036634913,0.56216477
402,1,0.000490716,0.126979063,0.704937037,0.007676357,0.159916827,0.704937037
403,1,0.003272037,0.257644748,0.629576433,0.006459535,0.103047247,0.629576433
404,1,0.477142762,0.052912242,0.435063886,0.012057287,0.022823822,0.477142762
405,1,0.252492299,0.125212449,0.555694044,0.006354843,0.060246364,0.555694044
406,1,0.103024395,0.336582969,0.504847823,0.041394911,0.014149902,0.504847823
407,1,0.103024395,0.336582969,0.504847823,0.041394911,0.014149902,0.504847823
408,1,0.160203696,0.092708126,0.676491903,0.027210812,0.043385463,0.676491903
409,1,0.160203696,0.092708126,0.676491903,0.027210812,0.043385463,0.676491903
410,1,0.731447905,0.01638549,0.230960033,0.011110144,0.010096428,0.731447905
411,1,0.021348426,0.342673997,0.57499936,0.022153524,0.038824694,0.57499936
412,1,0.012416884,0.350952203,0.582067636,0.007627839,0.046935438,0.582067636
413,1,0.123097848,0.12676404,0.674765932,0.026406466,0.048965713,0.674765932
414,1,0.02471159,0.396982826,0.512465987,0.021821845,0.044017751,0.512465987
415,1,0.024252968,0.201331039,0.598401788,0.071188034,0.104826171,0.598401788
416,1,0.05373228,0.416903742,0.505872262,0.000502382,0.022989333,0.505872262
417,1,0.002495187,0.16172466,0.768147564,0.002344214,0.065288376,0.768147564
418,1,0.003324691,0.261469263,0.624011934,0.006592531,0.104601581,0.624011934
419,1,0.001859025,0.257439209,0.615313891,0.002211101,0.123176773,0.615313891
420,1,0.003324691,0.261469263,0.624011934,0.006592531,0.104601581,0.624011934
421,1,0.02440906,0.207727048,0.634766514,0.003563169,0.129534209,0.634766514
422,1,0.00038235,0.054786652,0.673501225,0.076982742,0.194347031,0.673501225
423,1,0.000219477,0.055376171,0.682850206,0.026548077,0.235006068,0.682850206
424,1,0.000498028,0.141916424,0.723146845,0.019709657,0.114729046,0.723146845
425,1,0.000279322,0.140153289,0.717060525,0.006647541,0.135859324,0.717060525
426,1,0.000279322,0.140153289,0.717060525,0.006647541,0.135859324,0.717060525
427,1,0.003790522,0.234804963,0.618052249,0.059997156,0.08335511,0.618052249
428,1,0.015451348,0.31840002,0.569427578,0.042538268,0.054182786,0.569427578
429,1,0.015451348,0.31840002,0.569427578,0.042538268,0.054182786,0.569427578
430,1,0.087607428,0.045911468,0.693778783,0.065427095,0.107275226,0.693778783
431,1,0.000302962,0.150758327,0.69569887,0.008982762,0.144257079,0.69569887
432,1,0.011578054,0.35281768,0.5802377,0.002935975,0.052430591,0.5802377
433,1,0.032409775,0.081216894,0.579336534,0.247994209,0.059042589,0.579336534
434,1,0.288967574,0.069229767,0.545397775,0.04922551,0.047179374,0.545397775
435,1,0.003546651,0.172217714,0.629726982,0.156206294,0.03830236,0.629726982
436,1,0.003546651,0.172217714,0.629726982,0.156206294,0.03830236,0.629726982
437,1,0.003546651,0.172217714,0.629726982,0.156206294,0.03830236,0.629726982
438,1,0.003021542,0.106472068,0.731700925,0.033105036,0.125700429,0.731700925
439,1,0.029813569,0.277037691,0.658693134,0.002825532,0.031630074,0.277037691
440,1,0.029813569,0.277037691,0.658693134,0.002825532,0.031630074,0.277037691
441,1,0.011562372,0.185622767,0.658332243,0.004696146,0.139786472,0.658332243
442,1,0.008476697,0.384261725,0.511662404,0.000995223,0.094603951,0.511662404
443,1,0.000516702,0.124939031,0.650875775,0.136044502,0.08762399,0.650875775
444,1,0.000516702,0.124939031,0.650875775,0.136044502,0.08762399,0.650875775
445,1,0.179062737,0.135426698,0.558884891,0.05360693,0.073018745,0.558884891
446,1,0.001946266,0.271129793,0.594929855,0.003100364,0.128893723,0.594929855
447,1,0.025483923,0.120531791,0.702947973,0.049639871,0.101396442,0.702947973
448,1,0.000493851,0.13790446,0.723050808,0.028435941,0.11011494,0.723050808
449,1,0.017086834,0.330618819,0.461624116,0.137158379,0.053511853,0.461624116
450,1,0.017086834,0.330618819,0.461624116,0.137158379,0.053511853,0.461624116
451,1,0.000803374,0.111301028,0.736078596,0.044321994,0.107495007,0.736078596
452,1,0.000377264,0.155140292,0.476397026,0.200466233,0.167619185,0.155140292
453,1,0.000377264,0.155140292,0.476397026,0.200466233,0.167619185,0.476397026
454,1,0.014675001,0.267889592,0.673239653,0.002876784,0.04131897,0.673239653
455,1,0.300986432,0.044238742,0.561863039,0.051116255,0.041795532,0.561863039
456,1,0.003397677,0.234886228,0.688041789,0.013269691,0.060404615,0.688041789
457,1,0.079583729,0.084686551,0.660365216,0.054167492,0.121197011,0.660365216
458,1,0.00033297,0.047731143,0.706214191,0.071612576,0.17410912,0.706214191
459,1,0.015737403,0.369778949,0.527980445,0.009480282,0.077022921,0.369778949
460,1,0.033510757,0.074253556,0.661260828,0.168385984,0.062588875,0.661260828
461,1,0.336482554,0.117614749,0.433921777,0.005465782,0.106515138,0.433921777
462,1,0.021177228,0.40178428,0.522662618,0.003161747,0.051214128,0.522662618
463,1,0.012107135,0.404469024,0.521344141,0.001072711,0.061006989,0.521344141
464,1,0.012107135,0.404469024,0.521344141,0.001072711,0.061006989,0.521344141
465,1,0.022334324,0.085941071,0.679068107,0.140577702,0.072078796,0.679068107
466,1,0.002399949,0.220889362,0.607939496,0.04990092,0.118870274,0.220889362
467,1,0.002937046,0.182203085,0.751656406,0.006241092,0.056962371,0.751656406
468,1,0.001687831,0.178207489,0.754748119,0.005956905,0.059399656,0.754748119
469,1,0.005231736,0.201128079,0.720793909,0.005089044,0.067757232,0.720793909
470,1,0.002953926,0.199961562,0.715090073,0.00171727,0.080277169,0.715090073
471,1,0.001926489,0.181976991,0.744237061,0.013159158,0.058700301,0.744237061
472,1,0.002395114,0.085423052,0.777310996,0.034069497,0.10080134,0.777310996
473,1,0.123321414,0.072810617,0.385524896,0.376325366,0.042017706,0.376325366
474,1,0.123321414,0.072810617,0.385524896,0.376325366,0.042017706,0.376325366
475,1,0.123321414,0.072810617,0.385524896,0.376325366,0.042017706,0.376325366
476,1,0.001787108,0.249642574,0.630651508,0.001941865,0.115976944,0.630651508
477,1,0.072983225,0.168942603,0.516810874,0.032742924,0.208520374,0.516810874
478,1,0.332615496,0.098085577,0.4906286,0.008522626,0.070147702,0.4906286
479,1,0.349056394,0.118091166,0.439386256,0.018513355,0.074952829,0.439386256
480,1,0.754916618,0.012594934,0.22645172,0.000505055,0.005531673,0.22645172
481,1,0.002915814,0.203138664,0.712485973,0.001435661,0.080023888,0.203138664
482,1,0.220686967,0.05509531,0.61558242,0.023417586,0.085217717,0.61558242
483,1,0.003951257,0.247173666,0.558727747,0.114288786,0.075858543,0.558727747
484,1,0.000651054,0.168990641,0.629983286,0.075310339,0.12506468,0.629983286
485,1,0.004052127,0.220334175,0.683727507,0.033280071,0.058606121,0.683727507
486,1,0.002330078,0.223094775,0.692252603,0.011460892,0.070861652,0.692252603
487,1,0.020122345,0.361141392,0.564722099,0.003963797,0.050050367,0.361141392
488,1,0.116575812,0.036858682,0.64575299,0.098591135,0.10222138,0.64575299
489,1,0.34770077,0.082860034,0.525756011,0.003614699,0.040068486,0.525756011
490,1,0.003886623,0.304063216,0.558860939,0.010893218,0.122296004,0.304063216
491,1,0.000233105,0.05597971,0.662363414,0.029687113,0.251736658,0.662363414
492,1,0.256837043,0.090265932,0.504983626,0.007015388,0.140898011,0.256837043
493,1,0.332672899,0.055130632,0.505270825,0.032257263,0.074668381,0.332672899
494,1,0.003310936,0.259992811,0.627739096,0.006684919,0.102272238,0.627739096
495,1,0.001852264,0.256114114,0.619296773,0.002243202,0.120493646,0.619296773
496,1,0.001514951,0.201777833,0.684829412,0.002587818,0.109289986,0.201777833
497,1,0.003132697,0.199449118,0.721163743,0.006149281,0.070105161,0.006149281
498,1,0.001111032,0.210539516,0.629065384,0.00192355,0.157360518,0.210539516
499,1,0.015418164,0.32330124,0.569488784,0.036529848,0.055261964,0.32330124
500,1,0.015418164,0.32330124,0.569488784,0.036529848,0.055261964,0.32330124
501,1,0.778814431,0.019096992,0.186476182,0.004304156,0.011308239,0.186476182
502,1,0.018592358,0.291646353,0.656884698,0.002557607,0.030318984,0.291646353
503,1,0.002040351,0.219797062,0.643799286,0.030098579,0.104264722,0.643799286
504,1,0.274102505,0.06304972,0.578183204,0.039025306,0.045639265,0.274102505
505,1,0.129131012,0.167866186,0.598973256,0.008123367,0.095906179,0.598973256
506,1,0.191920891,0.117642503,0.601108115,0.037463652,0.05186484,0.601108115
507,1,0.002297173,0.241214591,0.671586889,0.019008246,0.065893101,0.671586889
508,1,0.002297173,0.241214591,0.671586889,0.019008246,0.065893101,0.671586889
509,1,0.001905992,0.26411982,0.607846614,0.0032666,0.122860973,0.607846614
510,1,0.001905992,0.26411982,0.607846614,0.0032666,0.122860973,0.607846614
511,1,0.002123502,0.213880717,0.709165537,0.003922685,0.070907559,0.709165537
